1116

1111 loeo 11111 11111111 1111 (1111111131111111 mmmm-s·
11104) mihimet 111111111111111 satisfaciunt. 01111111 111-
1111111 11111111 1111111111 1111111 Lisco 1. 1. 11261 1111
Χ 113111 11111111115111111 111, 1111 1111111111111111111111111
11 1111118111111 zu 1111111511, 11111 1118111111111111 eines
1111110111111111111110111131 11111111 111 111 1111111111-
gnng 11111111 11111, 111111 1111111111 111, 11 1111111111-
1111113 ganz 111 011311111111111111111, Κ11111 111 111111
1111111111 1111111 11 geben. 011 11111 1111111111, 111 111
11111111 111101111111113 gemacht 1111111111 111 1111 111,
1111111111 0111111111 1111111111111111111111111 111111111111,
111111111111 11111 1111111111 1111 11111111111111511 111111-
1111 11111ς1,111 111 1111111111 11111111, 111 111 1111111111
111 111 111111 111131111111 1111111 111111, 1111111 1111111 111
’ 1111111111 111 111118111111151111111151, 11111 1111111111-
511111 11111111113111 111111, auth den Reimldang 111 011-
11111111111111111111, 1111111 11 1111111111111, 111 in 111
1111111111 11111111. Β11 'dem 811111Μ1111 11111 1111 noch
schwivrigtr wegen 111 11 111 Μ1111 111Ζ11111 111111Ιί1111
111111111111, wie Str. 2. Ζ1111 4. 5.; Str. 6. Ζ. 4. 5.; 8117.
Z. 1. (11111 111111111111111511 111111 vere 1111111111)
8118. m. 011 11111111111111111511 11111111 11111 1111-
111111111111 11111111111111111111 111 111111 1111151111

, 1111111, 1111111111151111011111111 1111111 zu gehen, -

Eine andere Forderung, 111 111111 0111111111 Genfige gn·
1111111 1111, 111, 1111 111 8111111111111111, 1111 1111111
111, 11111 111 1111111111 gebim, dass 111 Sina mfiglidnst 1111
1111121111111111111111 111 11111 1111 11 111 folgenden 1111-
11111 111111. 111 1111111111 1111 1111111111 8111111 111 111
8118111111. 11111111 111 11111111111111,1111111 ganne Ν111·
11111118 11111111 1111111111 1311111111 1111 1111 11111. nas
Stabat Μ1111 11111111 1111 1111113111111131181111111111 in
811. 1.; 811. 2, 1111111111, 11111 1111111111, 11111111111111
' 11111111 111 11 111111111111 Ζ11111,111111111111 11111111
811111111151111111 z.4-6. 11111 111 11 1111111111 11-
·111111111111 1111111 0111111111111 11131 Str. 4. 11111111 rubigo
1111111111 8111111111, 111 mit 811. 5. 11111111 1111111111111,
11111111011111111111111111, 111 11 111 1111111 1111111111.
111111 111 01131111 111111111111111511111511 1113111111111111-
1111 1111111 1111111111111 11111 1111111111, und 11 11111111
1111111 haugen, 11111 111111111111111111111111 11111113
11161111111111111111111111 tasson 111 11111111 111131Η11-
{ung 1111 111111 (111111 111 811111111ηὲ1 im Hymnus 11 111
1111111113 111111111111111111111. 111-111111111111111 sich
1111 111111111111115111111111, 51111111111111111311, 11

 

